Accuracy: 0.6203866432337434
Precision: 0.3810482349010563
Recall: 0.3175602802762826
F1 Score: 0.29647818931862896

Confusion Matrix:
[[  0   0   0   0   0   0   0   0   1   0   0   0   0   0   0   0   0   1
    0   0   0   0   0]
 [  0   0   0   0   0   0   0   0   0   0   0   0   0   0   0   0   0   0
    0   1   0   0   0]
 [  0   0   0   0   0   0   0   0   1   0   0   0   0   0   0   0   0   0
    0   0   0   0   0]
 [  0   0   0   0   0   0   0   1   0   0   0   0   0   0   0   0   0   0
    0   0   0   0   0]
 [  0   0   0   0   0   0   0   0   1   0   0   0   0   0   0   0   0   0
    0   0   0   0   0]
 [  0   0   0   0   0   0   0   0   0   1   0   0   0   0   0   0   0   0
    0   0   0   0   0]
 [  0   0   0   0   0   0  43   6   0   2   0   0   4   0   0   0   0   3
    0   5   0   0   0]
 [  0   0   0   0   0   0   0  80   1   0   0   0   1   0   0   0   0   1
    0   8   0   0   1]
 [  0   0   0   0   0   0   0   0   4   0   0   0   0   0   0   0   0   0
    0   1   0   0   0]
 [  0   0   0   0   0   0   0   0   2  20   0   0   0   0   0   0   0   1
    0   2   0   0   0]
 [  0   0   0   0   0   0   3   5   4   1   1   0   2   1   0   0   0   1
    0  12   0   0   1]
 [  0   0   0   0   0   0   1   3   0   2   0   1   0   0   0   0   0   0
    0   1   0   1   0]
 [  0   0   0   0   0   0   0   0   1   0   0   0  30   0   0   0   0   1
    0   8   0   0   0]
 [  0   0   0   0   0   0   3   5   2   2   1   0   4  20   0   0   0   2
    0  16   0   1   0]
 [  0   0   0   0   0   0   0   0   0   0   0   0   0   0   1   0   0   0
    0   0   0   0   0]
 [  0   0   0   0   0   0   0   0   0   0   0   0   0   0   0   0   0   0
    0   1   0   0   0]
 [  0   0   0   0   0   0   3   6   2   3   0   0   0   2   0   0   9   0
    0   8   0   1   0]
 [  0   0   0   0   0   0   1   2   0   2   0   0   0   1   0   0   0   9
    0   6   0   0   0]
 [  0   0   0   0   0   0   1   0   0   0   0   0   0   0   0   0   0   0
    0   0   0   0   0]
 [  0   0   0   0   0   0   2   0   1   4   0   0   0   1   0   0   0   3
    0 124   0   0   0]
 [  0   0   0   0   0   0   0   0   0   0   0   0   0   0   0   0   0   0
    0  10   0   0   0]
 [  0   0   0   0   0   0   3   4   0   4   0   0   2   3   0   0   0   3
    0   8   0  11   0]
 [  0   0   0   0   0   0   0   0   0   0   0   0   0   0   0   0   0   0
    0   0   0   0   0]]