Accuracy: 0.8136986301369863
Precision: 0.34931699626188256
Recall: 0.32186748707416696
F1 Score: 0.3149256378528576

Confusion Matrix:
[[  0   0   0   0   0   0   0   0   0   0   0   0   0   0   1   0   0   0
    0   0   0   0   0   0]
 [  0   0   0   0   0   0   0   0   0   0   0   0   0   0   0   1   0   0
    0   0   0   0   0   0]
 [  0   0   0   0   0   0   0   0   0   0   0   0   0   0   0   0   0   0
    0   0   0   0   0   1]
 [  0   0   0   8   1   0   0   1   0   0   0   0   1   0   0   0   1   0
    2   0   0   0   0   0]
 [  0   0   0   0   8   0   0   1   0   0   0   2   0   0   0   0   0   0
    1   0   0   0   0   0]
 [  0   0   0   0   0   0   0   0   0   0   0   0   2   0   0   0   0   0
    0   0   0   0   0   0]
 [  0   0   0   0   0   0   0   0   0   0   1   0   0   0   0   0   0   0
    0   0   0   0   0   0]
 [  0   0   0   0   1   0   0 134   0   1   0   1   0   0   0   0   0   0
    0   0   0   0   0   0]
 [  0   0   0   0   1   0   0   0   0   0   0   0   0   0   0   0   0   0
    0   0   0   0   0   0]
 [  0   0   0   0   3   0   0   1   0  10   0   0   1   0   0   0   1   0
    3   0   0   1   0   0]
 [  0   0   0   0   1   0   0   2   0   0  25   0   0   0   0   0   1   0
    0   0   0   0   0   0]
 [  0   0   0   0   0   0   0   0   0   0   0   3   0   0   0   0   0   0
    1   0   0   0   0   0]
 [  0   0   0   1   2   0   0   6   0   0   0   0  60   0   0   0   0   0
    2   0   0   0   0   0]
 [  0   0   0   0   0   0   0   0   0   0   0   0   0   0   0   0   0   0
    0   0   1   0   0   0]
 [  0   0   0   0   0   0   0   0   0   0   0   0   0   0   0   0   0   0
    0   0   0   0   0   0]
 [  0   0   0   0   0   0   0   0   0   0   0   0   0   0   0   0   0   0
    0   0   0   0   0   0]
 [  0   0   0   2   0   0   0   3   0   0   0   0   2   0   0   0  15   0
    2   0   0   0   0   0]
 [  0   0   0   0   0   0   0   1   0   0   0   0   0   0   0   0   0   0
    0   0   0   0   0   0]
 [  0   0   0   0   1   0   0   0   0   0   1   0   0   0   0   0   0   0
   16   0   0   0   0   0]
 [  0   0   0   2   0   0   0   0   0   0   2   0   0   0   0   0   0   0
    1   1   0   1   0   0]
 [  0   0   0   0   0   0   0   0   0   0   0   0   0   0   0   0   0   0
    0   0   0   0   0   0]
 [  0   0   0   0   0   0   0   0   0   0   0   0   0   0   0   0   0   0
    2   0   0  17   0   0]
 [  0   0   0   0   0   0   0   0   0   0   0   0   0   0   0   0   0   0
    1   0   0   0   0   0]
 [  0   0   0   0   0   0   0   0   0   0   0   0   0   0   0   0   0   0
    0   0   0   0   0   0]]