Accuracy: 0.76
Precision: 0.5795739348370927
Recall: 0.5
F1 Score: 0.5010998010998011

Confusion Matrix:
[[ 0  0  0  0  0  0  0  0  0  0  0  0  0  3]
 [ 0  0  0  0  0  0  1  0  1  0  0  0  0  0]
 [ 0  0  0  0  0  0  0  0  0  0  0  0  0  1]
 [ 0  0  0  1  0  0  0  0  0  0  0  0  0  0]
 [ 0  0  0  0  2  0  0  0  0  0  0  0  0  0]
 [ 0  1  0  0  0  0  0  0  0  0  0  0  0  0]
 [ 0  0  0  0  0  0 10  0  0  0  0  0  0  0]
 [ 0  0  0  0  0  0  0 18  0  0  0  0  0  0]
 [ 0  0  0  0  0  0  0  0  2  0  0  0  0  0]
 [ 0  0  0  0  0  0  0  0  2  1  0  0  0  0]
 [ 0  0  0  0  0  0  1  0  0  0  1  0  0  0]
 [ 0  0  0  0  0  0  0  0  1  0  0  1  0  0]
 [ 0  0  0  0  0  0  0  1  0  0  0  0  2  0]
 [ 0  0  0  0  0  0  0  0  0  0  0  0  0  0]]