Accuracy: 0.8467153284671532
Precision: 0.293030303030303
Recall: 0.2655637254901961
F1 Score: 0.2509058381481062

Confusion Matrix:
[[ 0  0  0  0  0  0  1  0  0  0  0  0  0  0  0  0]
 [ 0  0  0  0  0  1  0  0  0  0  0  0  0  0  0  0]
 [ 0  0  0  0  0  0  0  0  0  0  1  0  0  0  0  0]
 [ 0  0  0  0  0  0  0  0  0  0  0  0  0  0  0  0]
 [ 0  0  0  0 15  0  0  0  0  0  0  0  1  0  0  1]
 [ 0  0  0  0  0 94  0  0  0  0  0  0  0  0  0  0]
 [ 0  0  0  0  0  0  0  0  0  0  0  0  0  0  0  0]
 [ 0  0  0  0  2  0  0  0  0  0  0  0  0  0  0  0]
 [ 0  0  0  0  0  0  0  0  2  0  0  0  0  0  0  0]
 [ 0  0  0  0  4  0  0  0  0  1  0  0  0  0  0  0]
 [ 0  0  0  0  0  0  0  0  0  0  0  0  0  0  0  0]
 [ 0  0  0  0  0  1  0  0  0  0  0  2  0  0  0  0]
 [ 0  0  0  0  0  1  0  0  1  0  0  0  2  0  0  0]
 [ 0  0  0  0  0  1  0  0  1  0  0  0  0  0  0  0]
 [ 0  0  0  1  1  1  0  0  0  0  0  0  0  0  0  0]
 [ 0  0  0  0  0  1  0  0  1  0  0  0  0  0  0  0]]