Accuracy: 0.8014059753954306
Precision: 0.445838726024898
Recall: 0.3689058743624388
F1 Score: 0.3793658294422401

Confusion Matrix:
[[  0   0   0   0   0   0   0   0   0   0   0   0   0   0   0   0   0   1
    0   0   0   0]
 [  0   0   1   0   0   0   0   0   0   0   0   0   0   0   0   0   0   0
    0   0   0   0]
 [  0   0   0   0   0   0   0   0   0   0   0   0   0   0   0   0   0   0
    0   0   0   0]
 [  0   0   0   0   0   0   0   0   0   0   0   0   0   0   0   3   0   2
    1   0   0   0]
 [  0   0   0   0  19   0   0   1   0   1   1   0   2   0   0   1   0   3
    1   0   7   0]
 [  0   0   0   0   2  48   0   0   0   1   0   0   0   0   0   1   0   1
    0   0   3   0]
 [  0   0   0   0   0   1   0   0   0   0   0   0   0   0   0   0   0   0
    0   0   0   0]
 [  0   0   0   0   0   3   0  14   0   0   1   0   0   0   0   0   0   0
    0   0   1   0]
 [  0   0   0   0   0   1   0   0   0   0   0   0   0   0   0   0   0   0
    0   0   0   0]
 [  0   0   0   0   1   1   0   0   0   9   2   0   0   0   0   4   0   0
    0   0   1   0]
 [  0   0   0   0   0   2   0   2   0   0  35   0   0   0   0   2   0   0
    1   0   1   0]
 [  0   0   0   0   0   0   0   0   0   0   0   1   0   0   0   2   0   0
    0   0   1   0]
 [  0   0   0   0   1   0   0   0   0   0   1   0   6   0   0   2   0   1
    0   0   0   0]
 [  0   0   0   0   0   0   0   0   0   0   0   1   0   0   0   0   0   0
    0   0   0   0]
 [  0   0   0   0   0   0   0   0   0   0   0   0   0   0   1   0   0   2
    0   0   1   0]
 [  0   0   0   0   0   1   0   0   0   0   0   0   0   0   0  19   0   0
    1   0   0   0]
 [  0   0   0   0   0   0   0   0   0   0   0   0   0   0   0   2   0   0
    0   0   0   0]
 [  0   0   0   0   0   0   0   1   0   0   0   0   0   0   0   4   0  99
    1   0   8   0]
 [  0   0   0   0   0   0   0   1   0   1   1   0   0   0   0   1   0   3
   19   0   3   0]
 [  0   0   0   0   0   0   0   0   0   0   0   0   0   0   0   1   0   0
    2   0   0   0]
 [  0   0   0   0   1   3   0   1   0   2   0   0   1   0   0   1   0   0
    1   0 185   0]
 [  0   0   0   0   0   0   0   0   0   0   0   0   0   0   0   0   0   0
    2   0   1   1]]