Accuracy: 0.6862348178137652
Precision: 0.10657927116871399
Recall: 0.1107941819622969
F1 Score: 0.10779436647458528

Confusion Matrix:
[[  0   0   0   0   0   0   0   0   0   0   0   0   1]
 [  0   0   0   0   1   0   0   0   0   0   0   0   0]
 [  0   0   0   0   0   0   0   0   0   0   0   0   0]
 [  0   0   0 153  46   0   0   0   0   0   0   0   0]
 [  0   0   0  91 186   0   0   0   0   0   0   0   0]
 [  0   0   1   0   0   0   0   0   0   0   0   0   0]
 [  0   0   0   0   0   0   0   0   0   0   0   1   0]
 [  0   0   0   1   8   0   0   0   0   0   0   0   0]
 [  0   0   0   0   0   0   0   0   0   0   1   0   0]
 [  0   0   0   3   1   0   0   0   0   0   0   0   0]
 [  0   0   0   0   0   0   0   0   0   0   0   0   0]
 [  0   0   0   0   0   0   0   0   0   0   0   0   0]
 [  0   0   0   0   0   0   0   0   0   0   0   0   0]]