Accuracy: 0.44135802469135804
Precision: 0.07398405349794239
Recall: 0.10131500298864315
F1 Score: 0.08551651069856303

Confusion Matrix:
[[  0   0   0   0   0   0   0   0   1   0   0   0]
 [  0 154   0  85   0   0   0   0   0   0   0   0]
 [  0   0   0   0   0   0   0   0   0   0   1   0]
 [  0  99   0 132   0   0   0   0   0   0   0   0]
 [  0   6   0  22   0   0   0   0   0   0   0   0]
 [  0  65   0  81   0   0   0   0   0   0   0   0]
 [  0   0   0   0   0   0   0   0   0   1   0   0]
 [  0   0   0   0   0   0   0   0   0   0   0   1]
 [  0   0   0   0   0   0   0   0   0   0   0   0]
 [  0   0   0   0   0   0   0   0   0   0   0   0]
 [  0   0   0   0   0   0   0   0   0   0   0   0]
 [  0   0   0   0   0   0   0   0   0   0   0   0]]