Accuracy: 0.6934306569343066
Precision: 0.6405261405261405
Recall: 0.6762820512820512
F1 Score: 0.6233399079552927

Confusion Matrix:
[[ 1  0  0  0  0  0  0  0  0  0  0  0  0]
 [ 0  0  0  0  0  1  0  0  0  0  0  0  0]
 [ 0  0  1  0  0  0  0  0  0  0  0  0  0]
 [ 0  0  0  5  0  0  0  0  1  0  0  2  0]
 [ 0  0  0  0  1  0  0  0  0  0  0  1  0]
 [ 0  0  0  0  0 18  0  0  0  0  0  0  0]
 [ 0  0  0  0  0  0  2  0  0  0  0  1  0]
 [ 0  0  0  0  0  1  0  0  0  0  0  1  0]
 [ 0  0  0  0  0  0  0  0  1  0  0  0  0]
 [ 1  0  0  0  0  1  0  0  1  0  0 31  0]
 [ 0  0  0  0  0  0  0  0  0  0  2  0  0]
 [ 0  0  0  0  0  0  0  0  0  0  0 63  0]
 [ 0  0  0  0  0  0  0  0  0  0  0  0  1]]