Accuracy: 0.029275808936825885
Precision: 0.003115264797507788
Recall: 0.047619047619047616
F1 Score: 0.005847953216374269

Confusion Matrix:
[[  0   0   0   0   0   0   0   0   0   0   1   0   0   0   0   0   0   0
    0]
 [  0   0   0   0   0   0   0   0   0   0   0   0   0   0   0   0   1   0
    0]
 [  0   0   0   0   0   0   0   0   0   0   0   0   0   0   0   0 252  77
    0]
 [  0   0   0   0   0   0   0   0   0   0   0   0   0   0   0   0  64 225
    0]
 [  0   0   0   0   0   0   0   0   0   0   0   0   0   1   0   0   0   0
    0]
 [  0   0   0   0   0   0   0   0   0   0   0   0   1   0   1   0   0   0
    0]
 [  0   0   0   0   0   0   0   0   0   0   0   0   0   0   0   1   0   0
    0]
 [  0   0   0   0   0   0   0   0   0   1   0   0   0   0   0   0   0   0
    0]
 [  0   0   0   0   0   0   0   0   0   0   0   1   1   0   0   0   0   0
    0]
 [  0   0   0   0   0   0   0   0   0   0   0   0   0   0   0   0   0   0
    0]
 [  0   0   0   0   0   0   0   0   0   0   0   0   0   0   0   0   0   0
    0]
 [  0   0   0   0   0   0   0   0   0   0   0   0   0   0   0   0   0   0
    0]
 [  0   0   0   0   0   0   0   0   0   0   0   0   0   0   0   0   0   0
    0]
 [  0   0   0   0   0   0   0   0   0   0   0   0   0   0   0   0   0   0
    0]
 [  0   0   0   0   0   0   0   0   0   0   0   0   0   0   0   0   0   0
    0]
 [  0   0   0   0   0   0   0   0   0   0   0   0   0   0   0   0   0   0
    0]
 [  0   0   0   0   0   0   0   0   0   0   0   0   0   0   0   0   0   0
    0]
 [  0   0   0   0   0   0   0   0   0   0   0   0   0   0   0   0   2  19
    0]
 [  0   0   0   0   0   0   0   0   0   0   0   0   0   0   0   0   1   0
    0]]