Accuracy: 0.801056338028169
Precision: 0.349290317653523
Recall: 0.284162232249022
F1 Score: 0.2959576905911264

Confusion Matrix:
[[  0   0   0   0   0   0   0   0   0   0   0   0   0   0   0   0   0   0
    1   0   0   0   0   0   0   0   0]
 [  0   0   0   0   0   0   0   0   1   0   0   0   0   0   0   0   0   0
    0   0   0   0   0   0   0   0   0]
 [  0   0   0   0   0   0   0   0   0   0   0   0   0   0   0   0   0   1
    0   0   0   0   0   0   0   0   0]
 [  0   0   0   0   0   0   0   0   0   0   0   0   0   0   0   0   0   0
    0   0   0   0   0   0   1   0   0]
 [  0   0   0   0   0   0   0   0   0   1   0   0   0   0   0   0   0   0
    0   0   0   0   0   0   0   0   0]
 [  0   0   0   0   0   0   0   0   0   0   0   0   0   0   0   0   0   0
    0   0   0   0   0   0   0   1   0]
 [  0   0   0   0   0   0   0   0   0   0   1   0   0   0   0   0   0   0
    0   0   0   0   0   0   0   0   0]
 [  0   0   0   0   0   0   0   0   0   0   0   0   0   1   0   0   0   0
    0   0   0   0   0   0   0   0   0]
 [  0   0   0   0   0   0   0   0   0   0   0   0   0   0   0   0   0   0
    0   0   0   0   0   0   0   0   0]
 [  0   0   0   0   0   0   0   0   0   0   0   0   0   0   0   0   0   0
    0   0   0   0   0   0   0   0   0]
 [  0   0   0   0   0   0   0   0   0   0  93   0   0   0   0   0   0   0
    0   0   0   0   1   0   0   7   1]
 [  0   0   0   0   0   0   0   0   0   0   0  13   0   0   1   0   0   0
    0   1   0   0   0   0   0   3   0]
 [  0   0   0   0   0   0   0   0   0   0   5   3  56   0   0   1   0   0
    0   0   0   0   1   0   0   7   0]
 [  0   0   0   0   0   0   0   0   0   0   0   0   0   0   0   0   0   0
    0   0   0   0   0   0   0   0   0]
 [  0   0   0   0   0   0   0   0   0   0   5   3   0   0  11   1   0   0
    0   0   0   0   1   2   0   4   0]
 [  0   0   0   0   0   0   0   0   0   0   2   2   0   0   0  37   0   0
    0   0   0   0   2   0   0   0   0]
 [  0   0   0   0   0   0   0   0   0   0   0   1   0   0   0   0   0   0
    0   0   0   0   0   0   0   0   1]
 [  0   0   0   0   0   0   0   0   0   0   0   0   0   0   0   0   0   0
    0   0   0   0   0   0   0   0   0]
 [  0   0   0   0   0   0   0   0   0   0   0   0   0   0   0   0   0   0
    0   0   0   0   0   0   0   0   0]
 [  0   0   0   0   0   0   0   0   0   0   2   0   1   0   1   0   0   0
    0   8   0   0   2   0   0   6   2]
 [  0   0   0   0   0   0   0   0   0   0   1   0   0   0   0   0   0   0
    0   0   1   0   0   0   0   1   1]
 [  0   0   0   0   0   0   0   0   0   0   0   0   0   0   0   0   0   0
    0   0   0   1   1   0   0   4   1]
 [  0   0   0   0   0   0   0   0   0   0   1   1   0   0   0   0   0   0
    0   0   0   0  32   0   0   4   0]
 [  0   0   0   0   0   0   0   0   0   0   2   1   1   0   1   0   0   0
    0   0   0   0   1  26   0   4   2]
 [  0   0   0   0   0   0   0   0   0   0   0   0   0   0   0   0   0   0
    0   0   0   0   0   0   0   0   0]
 [  0   0   0   0   0   0   0   0   0   0   0   2   0   0   0   0   0   0
    0   0   0   1   1   1   0 165   0]
 [  0   0   0   0   0   0   0   0   0   0   0   0   1   0   0   1   0   0
    0   0   0   0   0   0   0   2  12]]