Accuracy: 0.8978102189781022
Precision: 0.5088636363636364
Recall: 0.46416666666666667
F1 Score: 0.4557650832650833

Confusion Matrix:
[[ 0  0  0  0  0  0  0  0  0  0  0  0]
 [ 0  0  0  0  0  0  0  1  0  0  0  0]
 [ 0  0  0  0  0  0  0  0  0  2  0  0]
 [ 1  0  0  5  0  0  0  0  0  0  0  0]
 [ 0  0  0  0  1  0  0  0  0  1  0  0]
 [ 0  0  0  0  0  2  0  1  0  2  0  1]
 [ 0  0  0  0  0  0  3  0  0  0  0  0]
 [ 0  0  0  0  0  0  0 97  0  2  1  0]
 [ 0  0  0  0  0  0  0  0  0  1  0  0]
 [ 0  0  0  0  0  0  0  1  0 14  0  0]
 [ 0  0  0  0  0  0  0  0  0  0  0  0]
 [ 0  0  0  0  0  0  0  0  0  0  0  1]]