Accuracy: 0.021604938271604937
Precision: 0.0039040713887339654
Recall: 0.0707070707070707
F1 Score: 0.007399577167019028

Confusion Matrix:
[[  0   0   0   0   0   0   0   0 210  54   0]
 [  0   0   0   0   0   0   0   0 102 247   0]
 [  0   0   0   0   0   0   1   0   0   0   0]
 [  0   0   0   0   0   1   0   0   0   0   0]
 [  0   0   0   0   0   0   0   1   0   0   0]
 [  0   0   0   0   0   0   0   0   0   0   0]
 [  0   0   0   0   0   0   0   0   0   0   0]
 [  0   0   0   0   0   0   0   0   0   0   0]
 [  0   0   0   0   0   0   0   0   0   0   0]
 [  0   0   0   0   0   0   0   0   4  14   0]
 [  0   0   0   0   0   0   0   0   3  11   0]]