Accuracy: 0.7050359712230215
Precision: 0.2924109077574424
Recall: 0.26861188920012447
F1 Score: 0.22853830842336592

Confusion Matrix:
[[ 0  0  0  0  0  1  0  0  0  0  0  0  0  0  0  0  0  0]
 [ 0  0  0  0  0  0  0  0  0  0  0  0  0  1  0  0  0  0]
 [ 0  0  0  0  0  0  0  0  0  0  0  0  0  0  2  0  0  0]
 [ 0  0  0  0  0  0  0  0  0  6  0  1  1  0  1  0  1  0]
 [ 0  0  0  0  0  0  0  0  0  0  0  0  0  0  1  0  0  0]
 [ 0  0  0  0  0  0  0  0  0  0  0  0  0  0  0  0  0  0]
 [ 0  0  0  0  0  0  0  0  0  0  0  0  0  0  1  0  0  0]
 [ 0  0  0  0  0  0  0  0  0  0  0  0  0  0  2  0  0  0]
 [ 0  0  0  0  0  1  0  0  1 12  0  0  0  0  3  0  0  0]
 [ 0  0  0  0  0  0  0  0  0 82  0  0  0  0  2  0  0  0]
 [ 0  0  0  0  0  0  0  0  0  0  1  0  0  0  1  0  0  0]
 [ 0  0  0  0  0  0  0  0  0  0  0  0  0  0  0  0  0  0]
 [ 0  0  0  0  0  0  0  0  0  0  0  0  0  0  0  0  0  0]
 [ 0  0  0  0  0  0  0  0  0  0  0  0  0  4  0  0  1  0]
 [ 0  0  0  0  0  0  0  0  0  0  0  0  0  0  7  0  0  0]
 [ 0  0  0  0  0  0  0  0  0  0  0  0  0  0  1  0  0  0]
 [ 0  0  0  0  0  0  0  0  0  0  0  0  0  0  0  0  1  0]
 [ 0  0  0  0  0  0  0  0  0  1  0  0  0  0  1  0  0  2]]