Accuracy: 0.7873462214411248
Precision: 0.43378365874627617
Recall: 0.36121181757952175
F1 Score: 0.3731474975754479

Confusion Matrix:
[[  0   0   0   0   0   0   0   0   0   0   0   0   0   0   0   0   0   0
    0   0   0   0   0]
 [  0   0   0   0   0   0   0   0   0   0   0   0   0   0   0   0   0   0
    0   0   0   1   0]
 [  0   0   0   0   0   0   0   0   0   0   0   0   0   0   0   0   0   0
    0   0   0   0   0]
 [  0   0   0   0   0   0   0   0   0   0   1   0   0   0   0   2   0   4
    0   0   0   0   0]
 [  0   0   0   0  15   0   0   0   1   0   0   0   0   2   0   1   0   2
    1   0   0   6   0]
 [  0   0   0   0   2  55   0   0   1   0   0   0   0   0   0   1   0   2
    0   0   0   4   0]
 [  0   0   0   0   0   1  13   0   1   0   0   0   0   0   0   0   0   1
    2   0   0   2   0]
 [  0   0   0   0   0   0   1   0   0   0   0   0   0   0   0   0   0   0
    0   0   0   0   0]
 [  0   0   0   0   2   0   0   0   8   0   1   0   0   0   0   4   0   0
    0   0   0   2   0]
 [  0   0   0   0   0   0   0   0   1   0   0   0   0   1   0   0   0   0
    0   0   0   0   0]
 [  0   0   0   0   1   3   2   0   0   0  35   0   0   0   0   3   0   0
    1   0   0   2   0]
 [  0   0   0   0   0   0   0   0   0   0   0   2   0   0   0   0   0   0
    1   0   0   0   0]
 [  0   0   1   0   0   0   0   0   0   0   0   0   0   0   0   0   0   0
    0   0   0   0   0]
 [  0   0   0   0   0   0   2   0   0   0   0   0   0   5   0   2   0   2
    0   0   0   4   0]
 [  0   0   0   0   0   0   1   0   0   0   1   0   0   0   1   0   0   3
    0   0   0   2   0]
 [  0   0   0   0   1   1   0   0   0   0   0   0   0   0   0  23   0   0
    0   0   0   0   0]
 [  0   0   0   0   0   0   0   0   0   0   0   0   0   0   0   1   0   0
    0   0   0   0   0]
 [  0   0   0   0   1   0   0   0   0   0   0   0   0   0   0   2   0  96
    2   0   0   6   0]
 [  0   0   0   0   0   0   0   0   1   0   1   0   0   0   0   1   0   1
   16   0   0   4   0]
 [  0   0   0   0   0   0   0   0   0   0   0   0   0   0   0   1   0   0
    5   0   0   1   0]
 [  1   0   0   0   0   0   0   0   0   0   0   0   0   0   0   0   0   0
    0   0   0   0   0]
 [  0   0   0   0   2   0   1   0   1   0   1   0   0   1   0   2   0   0
    1   0   0 178   0]
 [  0   0   0   0   0   0   0   0   0   0   0   0   0   0   0   0   0   1
    0   0   0   0   1]]