Accuracy: 0.499009900990099
Precision: 0.06683195112227089
Recall: 0.09242765763021626
F1 Score: 0.0774763707964586

Confusion Matrix:
[[  0   1   0   0   0   0   0   0   0   0   0   0   0   0   0]
 [  0 272 120   0   0   0   0   0   0   0   0   0   0   0   0]
 [  0 103 232   0   0   0   0   0   0   0   0   0   0   0   0]
 [  0   0   0   0   0   0   0   0   0   0   0   0   1   0   0]
 [  0   0   0   0   0   0   0   0   0   0   0   1   0   0   0]
 [  0  29 107   0   0   0   0   0   0   0   0   0   0   0   0]
 [  0   0   0   0   0   0   0   0   0   0   0   0   0   1   0]
 [  0   0   0   0   0   0   0   0   0   0   1   0   0   0   0]
 [  0 101  40   0   0   0   0   0   0   0   0   0   0   0   0]
 [  0   0   0   0   0   0   0   0   0   0   0   0   0   0   1]
 [  0   0   0   0   0   0   0   0   0   0   0   0   0   0   0]
 [  0   0   0   0   0   0   0   0   0   0   0   0   0   0   0]
 [  0   0   0   0   0   0   0   0   0   0   0   0   0   0   0]
 [  0   0   0   0   0   0   0   0   0   0   0   0   0   0   0]
 [  0   0   0   0   0   0   0   0   0   0   0   0   0   0   0]]