Accuracy: 0.7246963562753036
Precision: 0.14531211264812335
Recall: 0.16118679050567594
F1 Score: 0.15214908904285349

Confusion Matrix:
[[  0   0   0   1   0   0   0   0   0   0]
 [  0 203   0  52   0   0   0   0   0   0]
 [  0   0   0   1   0   0   0   0   0   0]
 [  0  35   0 155   0   0   0   0   0   0]
 [  0   0   0   0   0   0   0   0   1   0]
 [  0   6   0  34   0   0   0   0   0   0]
 [  0   0   0   0   0   0   0   0   0   1]
 [  0   5   0   0   0   0   0   0   0   0]
 [  0   0   0   0   0   0   0   0   0   0]
 [  0   0   0   0   0   0   0   0   0   0]]