Accuracy: 0.5985401459854015
Precision: 0.39082792207792205
Recall: 0.34543650793650793
F1 Score: 0.32226190476190475

Confusion Matrix:
[[ 1  0  0  0  0  0  0  0  0  0  0  0  1  0  0  0]
 [ 0  0  0  0  0  1  0  0  0  0  0  0  0  0  0  0]
 [ 0  0  0  0  0  0  0  0  0  0  0  0  0  0  0  0]
 [ 0  0  0  5  0  0  0  0  0  1  0  0  3  0  0  0]
 [ 0  0  0  0  1  1  0  0  0  0  0  0  4  0  0  0]
 [ 1  0  0  0  0 19  0  0  0  0  0  0  1  0  0  0]
 [ 0  0  0  0  0  0  0  0  0  0  0  0  1  0  0  0]
 [ 0  0  0  0  0  0  0  2  0  0  0  0  3  0  0  0]
 [ 0  0  0  0  0  0  0  0  0  0  0  0  1  0  0  0]
 [ 0  0  0  0  0  0  0  0  0  1  0  0  0  0  0  0]
 [ 0  0  0  0  0  0  0  0  0  0  0  0 33  0  0  0]
 [ 0  0  0  0  0  0  0  0  0  0  0  2  0  0  0  0]
 [ 0  0  0  0  0  0  0  0  0  0  0  0 51  0  0  0]
 [ 0  0  1  0  0  0  0  0  0  1  0  0  1  0  0  0]
 [ 0  0  0  0  0  0  0  0  0  0  0  0  0  0  0  1]
 [ 0  0  0  0  0  0  0  0  0  0  0  0  0  0  0  0]]