Accuracy: 0.6861313868613139
Precision: 0.3875873015873016
Recall: 0.39075157028373403
F1 Score: 0.3126474262385865

Confusion Matrix:
[[ 0  0  0  0  0  0  0  0  0  0  0  0  1  0  0]
 [ 0  0  0  0  0  0  0  3  0  1  1  0  4  1  0]
 [ 0  0  0  0  0  0  0  0  0  0  0  0  1  0  0]
 [ 0  0  0  1  0  0  0  0  0  0  0  0  0  0  0]
 [ 0  0  0  0  0  0  0  0  0  0  0  0  1  0  0]
 [ 0  0  0  0  0  0  0  3  0  0  0  0  1  0  0]
 [ 0  0  0  0  0  0  1 15  0  0  0  0  3  0  0]
 [ 0  0  0  0  0  0  0 79  0  0  0  0  2  0  0]
 [ 0  0  0  0  0  0  0  0  1  0  0  0  4  0  0]
 [ 0  0  0  0  0  0  0  0  0  0  0  0  0  0  0]
 [ 0  0  0  0  0  0  0  0  0  0  0  0  0  0  0]
 [ 0  0  0  0  0  0  0  0  0  0  0  5  0  1  0]
 [ 0  0  0  1  0  0  0  0  0  0  0  0  4  0  0]
 [ 0  0  0  0  0  0  0  0  0  0  0  0  0  1  0]
 [ 0  0  0  0  0  0  0  0  0  0  0  0  0  0  2]]