Accuracy: 0.5817901234567902
Precision: 0.0561884236453202
Recall: 0.05710393490351814
F1 Score: 0.05663544766587375

Confusion Matrix:
[[  0   0   0   0   0   0   0   0   0   0   0   3   0   0   0   0   0   0
    0   0   0]
 [  0   0   0   0   0   0   0   0   0   0   0   0   0   0   0   0   0   0
    0   0   0]
 [  0   0 187   0   0   0   0   0   0   0   0 120   0   0   0   0   0   0
    0   0   0]
 [  0   1   0   0   0   0   0   0   0   0   0   0   0   0   0   0   0   0
    0   0   0]
 [  0   0   0   0   0   0   0   0   0   0   0   0   0   0   0   0   0   1
    0   0   0]
 [  0   0   0   0   0   0   0   0   0   0   0   0   0   0   0   0   1   0
    0   0   0]
 [  0   0   0   0   0   0   0   0   0   0   0   0   0   0   0   1   0   0
    0   0   0]
 [  0   0   0   0   0   0   0   0   0   0   0   0   0   0   0   0   0   0
    0   0   1]
 [  0   0   0   0   0   0   0   0   0   0   0   0   0   0   0   0   0   0
    1   0   0]
 [  0   0   0   0   0   0   0   0   0   0   0   0   0   0   0   0   0   0
    0   1   0]
 [  0   0   0   0   0   0   0   0   0   0   0   0   0   1   1   0   0   0
    0   0   0]
 [  0   0 132   0   0   0   0   0   0   0   0 190   0   0   0   0   0   0
    0   0   0]
 [  0   0   0   0   0   0   0   0   0   0   0   7   0   0   0   0   0   0
    0   0   0]
 [  0   0   0   0   0   0   0   0   0   0   0   0   0   0   0   0   0   0
    0   0   0]
 [  0   0   0   0   0   0   0   0   0   0   0   0   0   0   0   0   0   0
    0   0   0]
 [  0   0   0   0   0   0   0   0   0   0   0   0   0   0   0   0   0   0
    0   0   0]
 [  0   0   0   0   0   0   0   0   0   0   0   0   0   0   0   0   0   0
    0   0   0]
 [  0   0   0   0   0   0   0   0   0   0   0   0   0   0   0   0   0   0
    0   0   0]
 [  0   0   0   0   0   0   0   0   0   0   0   0   0   0   0   0   0   0
    0   0   0]
 [  0   0   0   0   0   0   0   0   0   0   0   0   0   0   0   0   0   0
    0   0   0]
 [  0   0   0   0   0   0   0   0   0   0   0   0   0   0   0   0   0   0
    0   0   0]]