Accuracy: 0.7560975609756098
Precision: 0.45383986928104575
Recall: 0.44730392156862747
F1 Score: 0.4281862745098039

Confusion Matrix:
[[ 0  0  0  0  0  0  0  0  0  0  0  0  0  0  0  0  0]
 [ 0  0  0  0  0  0  0  0  0  0  0  0  0  0  0  0  1]
 [ 0  0  0  0  0  0  0  0  0  0  0  0  0  0  0  0  0]
 [ 0  0  0  0  0  1  0  0  0  0  0  0  0  0  0  0  1]
 [ 0  0  0  0  1  0  0  0  0  0  0  0  0  0  0  0  0]
 [ 0  0  0  0  0  1  0  0  0  0  0  0  0  0  0  0  0]
 [ 0  0  1  0  0  0  0  0  0  0  0  0  0  0  0  0  0]
 [ 1  0  0  0  0  0  0  0  0  0  0  0  0  0  0  0  0]
 [ 0  0  0  0  0  0  0  0  7  0  0  0  0  0  0  0  0]
 [ 0  0  0  0  0  0  0  0  0 15  1  0  0  0  0  0  0]
 [ 0  0  0  0  0  0  0  0  0  0  2  0  0  0  0  0  0]
 [ 0  0  0  0  0  0  0  0  0  0  1  1  0  0  0  0  0]
 [ 0  0  0  0  0  0  0  0  1  0  0  0  1  0  0  0  0]
 [ 0  0  0  0  0  0  0  0  0  0  0  0  0  1  0  0  0]
 [ 0  0  0  0  0  0  0  0  1  0  0  0  0  0  0  0  0]
 [ 0  0  0  0  0  0  0  0  0  1  0  0  0  0  0  2  0]
 [ 0  0  0  0  0  0  0  0  0  0  0  0  0  0  0  0  0]]