Accuracy: 0.6052631578947368
Precision: 0.08168909949421116
Recall: 0.09724637681159422
F1 Score: 0.08860921508724999

Confusion Matrix:
[[  0   0   0   0   0   0   0   0   0   0   0   0   0   0   0]
 [  0   0   0   0   0   0   0   0   0   0   0   0   0   1   0]
 [  0   0   0   0   0   0   0   0   0   0   0   0   1   0   1]
 [  0   0   0   0   0   1   0   0   0   0   0   0   0   0   0]
 [  1   0   0   0   0   0   0   0   0   0   0   0   0   0   0]
 [  0   0   0   0   0 146   0   0  38   0   0   0   0   0   0]
 [  0   0   0   0   0   0   0   0   0   0   1   0   0   0   0]
 [  0   0   0   0   0   0   0   0   0   0   0   1   0   0   0]
 [  0   0   0   0   0  77   0   0 153   0   0   0   0   0   0]
 [  0   0   0   0   0  15   0   0  58   0   0   0   0   0   0]
 [  0   0   0   0   0   0   0   0   0   0   0   0   0   0   0]
 [  0   0   0   0   0   0   0   0   0   0   0   0   0   0   0]
 [  0   0   0   0   0   0   0   0   0   0   0   0   0   0   0]
 [  0   0   0   0   0   0   0   0   0   0   0   0   0   0   0]
 [  0   0   0   0   0   0   0   0   0   0   0   0   0   0   0]]