Accuracy: 0.8242530755711776
Precision: 0.3678344346531929
Recall: 0.3103774911295305
F1 Score: 0.32137414404746306

Confusion Matrix:
[[  0   0   0   0   0   0   0   0   0   0   0   0   0   0   0   0   1   0
    0   0   0   0   0   0   0   0]
 [  0   0   0   0   0   1   0   0   0   0   0   0   0   0   0   0   0   0
    0   0   0   0   0   0   0   0]
 [  0   0   0   0   0   0   0   0   0   0   0   0   0   0   0   0   0   0
    0   0   0   1   0   0   0   0]
 [  0   0   0   0   1   0   0   0   0   0   0   0   0   0   0   0   0   0
    0   0   0   0   0   0   0   0]
 [  0   0   0   0   0   0   0   0   0   0   0   0   0   0   0   0   0   0
    0   0   0   0   0   0   0   0]
 [  0   0   0   0   0   0   0   0   0   0   0   0   0   0   0   0   0   0
    0   0   0   0   0   0   0   0]
 [  0   0   0   0   0   0  99   1   0   0   0   0   0   0   0   0   0   0
    0   0   0   1   0   0   5   0]
 [  0   0   0   0   0   0   0  12   0   1   0   0   0   0   0   0   0   0
    1   0   0   0   0   0   5   0]
 [  0   0   0   0   0   0   0   4  55   0   0   0   0   0   0   0   0   0
    0   0   0   1   0   0   5   0]
 [  0   0   0   0   0   0   4   3   0  12   1   0   0   0   0   0   0   0
    0   0   0   3   2   0   5   0]
 [  0   0   0   0   0   0   2   2   1   0  40   0   0   0   0   0   0   0
    0   0   0   0   0   0   1   0]
 [  0   0   0   0   0   0   0   0   0   0   0   0   0   0   0   0   0   0
    0   0   0   0   0   1   0   0]
 [  0   0   0   0   0   0   0   0   0   0   0   0   0   0   0   1   0   0
    0   0   0   0   0   0   0   0]
 [  0   0   0   0   0   0   0   0   0   0   0   0   0   0   0   0   0   0
    0   0   0   1   0   0   0   0]
 [  0   0   0   0   0   0   0   0   0   0   0   0   0   0   0   0   0   0
    0   0   0   1   0   0   0   0]
 [  0   0   0   0   0   0   0   0   0   0   0   0   0   0   0   0   0   0
    0   0   0   0   0   0   0   0]
 [  0   0   0   0   0   0   0   0   0   0   0   0   0   0   0   0   0   0
    0   0   0   0   0   0   0   0]
 [  0   0   0   0   0   0   0   1   0   0   0   0   0   0   0   0   0   0
    0   0   0   1   0   0   0   0]
 [  0   0   0   0   0   0   0   0   0   0   0   0   0   0   0   0   0   0
    8   0   0   3   0   0   0   1]
 [  0   0   0   0   0   0   1   0   0   0   0   0   0   0   0   0   0   0
    0   1   0   0   0   0   1   2]
 [  0   0   0   0   0   0   0   0   0   0   0   0   0   0   0   0   0   0
    0   0   1   0   0   0   1   1]
 [  0   0   0   0   0   0   2   0   0   0   0   0   0   0   0   0   0   0
    0   0   0  26   0   0   3   0]
 [  0   0   0   0   0   0   4   1   0   1   0   0   0   0   0   0   0   0
    0   0   0   2  27   0   8   2]
 [  0   0   0   0   0   0   0   0   0   0   0   0   0   0   0   0   0   0
    0   0   0   0   0   0   0   0]
 [  0   0   0   0   0   0   0   2   0   0   0   0   0   0   0   0   0   0
    0   0   1   1   0   0 174   1]
 [  0   0   0   0   0   0   0   0   3   0   0   0   0   0   0   0   0   0
    0   0   0   0   0   0   1  14]]