Accuracy: 0.8467153284671532
Precision: 0.356026936026936
Recall: 0.34238258877434136
F1 Score: 0.3032240775097918

Confusion Matrix:
[[ 0  0  1  0  0  0  0  0  0  0  0  0  0  0  0]
 [ 0  0  0  0  1  0  0  0  0  0  0  0  0  0  0]
 [ 0  0  0  0  0  0  0  0  0  0  0  0  0  0  0]
 [ 0  0  0  0  0  0  0  0  0  0  0  0  0  0  0]
 [ 0  0  0  0  0  0  0  0  0  0  0  0  0  0  0]
 [ 0  0  0  0  0  0  0  0  0  0  0  0  1  0  0]
 [ 0  0  0  1  0  0  4  0  0  1  0  0  0  0  0]
 [ 0  0  0  0  0  0  0  1  0  0  1  0  1  0  0]
 [ 0  0  0  0  0  0  0  0  2  0  4  0  5  0  1]
 [ 0  0  0  0  0  0  0  0  0  1  0  0  0  0  0]
 [ 0  0  0  0  0  0  1  0  0  0 94  0  1  1  0]
 [ 0  0  0  0  0  0  0  0  0  0  0  0  1  0  0]
 [ 0  0  0  0  0  0  0  0  0  0  0  0 13  0  0]
 [ 0  0  0  0  0  0  0  0  0  0  0  0  0  0  0]
 [ 0  0  0  0  0  0  0  0  0  0  0  0  0  0  1]]