Accuracy: 0.698943661971831
Precision: 0.32248190508683405
Recall: 0.295674281282244
F1 Score: 0.2781360355275148

Confusion Matrix:
[[  0   0   0   0   0   0   0   0   0   0   0   0   0   0   0   0   0   0
    0   0   0   1   0   0   0   0]
 [  0   0   0   0   0   0   0   0   1   0   0   0   0   0   0   0   0   0
    0   0   0   0   0   0   0   0]
 [  0   0   0   0   0   0   0   0   1   0   0   0   0   0   0   0   0   0
    0   0   0   0   0   0   0   0]
 [  0   0   0   0   0   0   0   0   0   0   0   0   1   0   0   0   0   0
    0   0   0   1   0   0   0   0]
 [  0   0   0   0   0   0   0   1   0   0   0   0   0   0   0   0   0   0
    0   2   0   1   0   0   0   0]
 [  0   0   0   0   0   0   0   0   0   0   0   0   1   0   0   0   0   0
    0   0   0   1   0   0   0   0]
 [  0   0   0   0   0   0   0   0   0   0   0   0   0   0   0   0   0   0
    0   0   0   0   0   0   1   0]
 [  0   0   0   0   0   0   0  43   3   0   0   0   1   0   0   4   1   0
    0   5   0   3   0   0   0   0]
 [  0   0   0   0   0   0   0   1  92   0   0   2   0   0   0   0   0   0
    0   3   0   3   0   0   0   1]
 [  0   0   0   0   0   0   0   0   0   0   0   0   0   0   0   1   0   0
    0   0   0   0   0   0   0   0]
 [  0   0   0   0   0   0   0   0   0   0   0   0   0   0   0   1   0   0
    0   0   0   0   0   0   0   0]
 [  0   0   0   0   0   0   0   0   0   0   0   7   1   0   0   0   0   0
    0   0   0   1   0   0   0   0]
 [  0   0   0   0   0   0   0   1   0   0   0   4  30   0   0   2   1   0
    0   2   0   0   0   0   1   0]
 [  0   0   0   0   0   0   0   3   0   0   0   2   0   1   0   1   0   0
    2   2   0   5   0   0   0   1]
 [  0   0   0   0   0   0   0   0   0   0   0   1   1   0   1   1   0   0
    0   0   0   0   0   0   0   0]
 [  0   0   0   0   0   0   0   0   0   0   0   0   0   0   0  23   0   0
    0   1   0   4   0   0   0   0]
 [  0   0   0   0   0   0   0   4   4   0   0   2   0   1   0   4  20   0
    0   1   0   8   0   0   1   0]
 [  0   0   0   0   0   0   0   0   0   0   0   0   0   0   0   0   0   1
    0   0   0   0   0   0   0   0]
 [  0   0   0   0   0   0   0   1   2   0   0   1   0   0   0   1   2   0
    4   1   0   3   0   0   0   0]
 [  0   0   0   0   0   0   0   0   1   0   0   0   0   0   0   0   0   0
    1   2   0   0   0   0   0   0]
 [  0   0   0   0   0   0   0   1   0   0   0   0   0   0   0   0   0   0
    0   0   0   0   0   0   0   0]
 [  0   0   0   0   0   0   0   3   2   0   0   1   3   0   0   2   1   0
    1   3   0 163   0   0   1   0]
 [  0   0   0   0   0   0   0   0   0   0   0   0   0   0   0   0   0   0
    0   0   0   1   0   0   0   0]
 [  0   0   0   0   0   0   0   0   0   0   0   0   0   0   0   0   0   0
    0   0   0  13   0   0   0   0]
 [  0   0   0   0   0   0   0   2   6   0   0   0   3   0   0   3   3   0
    1   3   0   1   0   0  10   0]
 [  0   0   0   0   0   0   0   0   0   0   0   0   0   0   0   0   0   0
    0   1   0   0   0   0   0   0]]