Accuracy: 0.032407407407407406
Precision: 0.0050011907597046915
Recall: 0.0673076923076923
F1 Score: 0.00931057415207271

Confusion Matrix:
[[  0   0   0   0   0   0   0   0   0   0   0  14   5]
 [  0   0   0   0   0   0   0   0   0   0   0   1   0]
 [  0   0   0   0   0   0   0   0   0   0   0   0   0]
 [  0   0   0   0   0   0   0   0   0   0   0 172 121]
 [  0   0   0   0   0   0   0   0   2   0   0   0   0]
 [  0   0   0   0   0   0   0   0   0   0   0 130 176]
 [  0   0   1   0   0   0   0   0   0   0   1   0   0]
 [  0   0   0   0   0   0   0   0   0   1   0   0   0]
 [  0   0   0   0   0   0   0   0   0   0   0   0   0]
 [  0   0   0   0   0   0   0   0   0   0   0   0   0]
 [  0   0   0   0   0   0   0   0   0   0   0   0   0]
 [  0   0   0   0   0   0   0   0   0   0   0   0   0]
 [  0   0   0   0   0   0   0   0   0   0   0   3  21]]