Accuracy: 0.8613138686131386
Precision: 0.24393321685109684
Recall: 0.2341291810841984
F1 Score: 0.22677941561542134

Confusion Matrix:
[[ 0  0  0  0  0  0  0  0  0  0  0  0  0  0  1  0  0]
 [ 0  0  0  0  0  1  0  0  0  0  0  0  0  0  0  0  0]
 [ 0  0  0  0  0  0  0  0  0  0  0  0  1  0  0  0  0]
 [ 0  0  0  0  0  0  0  0  0  2  0  0  0  0  0  0  0]
 [ 0  0  0  0  0  0  0  0  2  0  0  0  0  0  1  0  0]
 [ 0  0  0  0  0  0  0  0  0  0  0  0  0  0  0  0  0]
 [ 0  0  0  0  0  0  2  0  0  0  0  0  0  0  1  0  0]
 [ 0  0  0  0  0  0  0  1  0  0  0  0  0  0  1  0  0]
 [ 0  0  0  0  0  0  0  0 99  0  0  0  0  0  1  0  0]
 [ 0  0  0  0  0  0  0  0  0  0  0  0  0  0  1  2  0]
 [ 0  0  0  0  0  0  0  0  0  0  0  0  0  0  0  0  0]
 [ 0  0  0  0  0  0  0  0  0  0  0  0  0  0  1  0  0]
 [ 0  0  0  0  0  0  0  0  0  0  0  0  0  0  0  0  0]
 [ 0  0  0  0  0  0  0  0  0  0  0  0  0  0  0  0  0]
 [ 0  0  0  0  0  0  0  0  0  1  0  0  0  2 14  0  0]
 [ 0  0  0  0  0  0  0  0  0  0  0  0  0  0  0  2  0]
 [ 0  0  0  0  0  0  0  0  0  0  1  0  0  0  0  0  0]]